#
# Tokay sensor device configuration registry script for the EVT 1.0 stage.
#
# Source of truth: go/pixel-sensor-list
#

#
# CDT Filter <CDT>:<mask>
# CDT format: <0xPPPPSJIV> (P:Product, S:Stage, J:Major, I:Minor, V:Variant)
# go/pixel-cdt-zuma
# go/pixel-cdt-zuma-pro
#

?+0xA3100:0xFFFFFFF0

#
# Record reg_script.
#

+/
reg_script=tokay_evt_1_0.reg

#
# Sensors
#

# MAG 1 (MMC5616WA)
+/dev/mmc5616/0
  priority=0
+/dev/mmc5616/0/mag
  fac_cal_transform=0.9979 0.0507 -0.0031 0.0076 0.912 0.005 0.0279 -0.0232 1.0282 0.0 0.0 0.0
  name=MMC5616 Magnetometer 0

# MAG 2 (MMC5616WA)
+/dev/mmc5616/1
  bus_name=i3c1
  bus_freq_hz=400000
  i3c_freq_hz=6250000
  bus_addr=0x30
  i3c_addr=0x14
  priority=1
+/dev/mmc5616/1/mag
  orientation_transform=-1 2 -3
  name=MMC5616 Magnetometer 1
  fac_cal_transform=0.9855 0.0755 0.0024 0.0425 0.9122 -0.0443 0.0026 0.0957 0.9924 0.0 0.0 0.0

# ALSP (TMD3733)
+/dev/tmd3733/0
  vsync_delay_ns=574770

+/dev/tmd3733/0/als
  lux_scale=4.31935
  c_coef=1
  r_coef=-0.82279221
  g_coef=0.49261751
  b_coef=-0.6698253
  itime_table_brightness=575 908 1115 2565 3427 4096
  itime_table=1600000 1000000 300000 300000 300000 1600000
  # Step-size (in EM slots) for each rotation.
  rotation_step_size=1

  clear_gain12_ratio=0.0625
  red_gain12_ratio=0.0625
  green_gain12_ratio=0.0625
  blue_gain12_ratio=0.0625

  clear_gain11_ratio=0.125
  red_gain11_ratio=0.125
  green_gain11_ratio=0.125
  blue_gain11_ratio=0.125

  clear_gain10_ratio=0.25
  red_gain10_ratio=0.25
  green_gain10_ratio=0.25
  blue_gain10_ratio=0.25

  clear_gain9_ratio=0.5
  red_gain9_ratio=0.5
  green_gain9_ratio=0.5
  blue_gain9_ratio=0.5

  clear_gain8_ratio=1.0
  red_gain8_ratio=1.0
  green_gain8_ratio=1.0
  blue_gain8_ratio=1.0

  clear_gain7_ratio=2.0
  red_gain7_ratio=2.0
  green_gain7_ratio=2.0
  blue_gain7_ratio=2.0

  clear_gain6_ratio=4.0
  red_gain6_ratio=4.0
  green_gain6_ratio=4.0
  blue_gain6_ratio=4.0

+/dev/tmd3733/0/prox
  pulse_count=4
  vcsel_ma=10
  far_threshold=25
  near_threshold=70
  pulse_len_us=128
  filter_len=4
  skip_count=0
  pdata_scale=1.0
  gain1=8
  gain2=2.5

+/dev/tmd3733/0/panel-b/als
  itime_table_brightness=637 1180 1181 2565 3628 4096
  itime_table=1600000 1600000 300000 300000 300000 1600000

# RAINBOW (VD6282)
+/dev/vd6282/0/spectral
  # Golden values for calibration.
  golden_rals_r=928.3487964598437
  golden_rals_g=1057.5985008780458
  golden_rals_b=259.53475618532417
  golden_rals_clr1=4590.0985144592
  golden_rals_ir=2740.933592629013
  golden_rals_clr2=4647.8956006038825

+/dev/vd6282/0/rls
  lux_scale=115.839196
